"S1","S2","S3","S4","S5","S6","S7"
424.5,179,15.67,66.5,132.5,78,144.5
421.5,174,15.02,65.5,127.5,79,145
421.5,173,15.38,66,131.5,79,144.5
406.5,172.5,14.59,65.5,129,77.5,144
402,172,13.87,65,121,79,141.5
418,171.5,14.08,65,122.5,78.5,142
414.5,171,13.29,67,129.5,78.5,140
404.5,176.5,12.13,67,122,79,138.5
393,180.5,12.49,67,121,78,139.5
394,176,13,63.5,120.5,77,137
410,178.5,12.57,63,126.5,76.5,136
403,184.5,12.49,62,126,76.5,135.5
396,185,12.35,62.5,122,78.5,133
379.5,176,11.12,62,122,74.5,127
369.5,171.5,10.11,61.5,112,74.5,128
383,176,10.47,61,116.5,73.5,132
383.5,173,9.75,60,120.5,76,131
378,177,9.75,58.5,124,76.5,131.5
382,185.5,10.04,60.5,133.5,76,135.5
378,185.5,10.91,60.5,131.5,78,135
360,185.5,10.76,59.5,125.5,78,135
349,179,10.62,60,125.5,78,130.5
351.5,181.5,11.27,60,132.5,77,131
374,183.5,12.42,60.5,142,77,134
376,182.5,11.92,62,140.5,77,134
384,184.5,11.63,62,138,77,132
362,181.5,11.41,61.5,131.5,76.5,130.5
346.5,169.5,10.54,61.5,129.5,75.5,125.5
344,168,10.54,60,129.5,75,125
324,164,9.89,58,121.5,72.5,123.5
330,161,9.97,57,126,68.5,124.5
339.5,160.5,10.83,56,134,68,126
343.5,177,10.47,58.5,128,71.5,124
324,171.5,8.59,56,120.5,70,121.5
312,165.5,8.67,51,117,68,112.5
304.5,157,8.02,49.3,110.5,69,109.5
301.5,157.5,7.37,45.7,108,68,108.5
308,159,6.93,45.8,107,67.5,116
321.5,150.5,5.99,44.5,108,68,108
349.5,167.5,6.5,47,117,69,117.5
339.5,167.5,6.72,50,117,70,119
343,175.5,6.93,50.5,118,72,123.5
339.5,167.5,7.15,49,110.5,70,119
360.5,165.5,6.72,46.9,109.5,71.5,113.5
353,154,5.56,45.2,103,69,110.5
333.5,156.5,5.49,47.2,109,71.5,114
324.5,163.5,5.63,48.2,110,72.5,113
343.5,164,6.17,49.6,116.5,75.5,115.5
351,166.5,6,50,123.5,73.5,113.5
351,169,6.1,49,122,74,114.5
345.5,167,6.6,49.5,121.5,74,115
335,166,5.9,49.9,113.5,76.5,114
342.5,169,5.5,49.9,122.5,77.5,119.5
344.5,170,5.3,47.4,126.5,75.5,119.5
304,173,5.25,47,133.5,76,125.5
282,172.5,5.85,47.4,131,76.5,126
282.5,173,7,50,133.5,74,128.5
284,175.5,8.75,50.5,139.5,71,132.5
285,169.5,7.3,50,134,71.5,130.5
287,165.5,6.7,51.5,129.5,73,129
283,169.5,6.5,53.5,134,73,129.5
276,166.5,6.5,53,124.5,74,127.5
270.5,160,7.05,51.5,123,76,124.5
269.5,161.5,7.15,48,125.5,76,127.5
277.5,161,6.75,49.5,122.5,75.5,125
279,154,6.3,48.5,117.5,75.5,121.5
282,154,6.4,48.5,119.5,76,121.5
286.5,150,6.15,48.5,124,74.5,119.5
295,157,6.75,47.7,130.5,75,124.5
294.5,155.5,6.35,48.5,129.5,75,123
301,163,5.95,47.4,129.5,75.5,124
304,168,6.55,47.8,138,75.5,127.5
296,159.5,6.15,46.5,132.5,73,124.5
290,156.5,5.8,46.2,129.5,73,124.5
288.5,159,5.4,45.5,125.5,74.5,125
287,164,4.99,45.4,124.5,74,122.5
281.5,159,4.8,43.7,117.5,75,116.5
273.5,156.5,4.75,40.9,117,75,118.5
280,153,4.61,40.6,118.5,75,118.5
266,150.5,4.3,35.6,115,75,115.5
261,142,4.22,34.5,113,74,115
275,140,4.1,35.7,119.5,75,115
288.5,148,4.12,36.5,132,73.5,118.5
295.5,148.5,3.92,36.1,132.5,74,118
276,140,3.37,36,122.5,70,111.5
290,144,3.6,34.1,124.5,70.5,112.5
306.5,138.5,4.23,34.6,131.5,70,113.5
307,128,4.3,34.1,129.5,68.5,113.5
297,130.5,4.12,32.2,122,68.5,108
293,120.5,3.81,31.6,121,67.5,103.5
282.5,123.5,3.7,31.9,121,69,99.5
288,125,3.65,32.4,122,64,97
288,134,3.92,34.6,128,66,101
295.5,139.5,4.45,36,132.5,64.5,111
333.5,142.5,4.24,38.8,131.5,63,106
337.5,158,4.82,37.6,143,65,115
326.5,153,4.4,38.2,136,64.5,113
348,158.5,4.96,38.4,151,65,108.5
347,157,5.7,38.1,152.5,67.5,106.5
337,157.5,6.2,38,151,67.5,111
336.5,142,6.05,38.2,153,71,110.5
338.5,137.5,5.65,37.8,148,72,104
340.5,142.5,6.35,36.3,154,68.5,106
341,140,6.6,36.8,154,71,103.5
339,138.5,7.4,40.6,157.5,71,108
333,133.5,6.85,38.8,148.5,67.5,106
336,140,7.35,42,154,69,108
340,139,7.4,46,155,66,111
327.5,134.5,7.25,49.4,151,67,112
326,144.5,8.4,50.5,161.5,63.5,113.5
322,144.5,8.45,49.5,165,64,120.5
327,139,8.05,49,157.5,64.5,118.5
335,136.5,7.6,50,153,66,115
352,134,7.8,50,149,65,114.5
349,133.5,7.9,48,144.5,65.5,116
356,134,8.7,47.7,148,68,116.5
357.5,134,8.75,47.5,155,65,115
356,141.5,9.5,48.7,161.5,63,117
356,141.5,8.9,48.8,161.5,63.5,117.5
361.5,144.5,9.35,50,165.5,63.5,116
357,138,9,49.5,160,62,114.5
353,141.5,9.15,49.8,162.5,61,115
358,152.5,9.9,53.5,172,63.5,118
354,152.5,10,53.5,171.5,61,123.5
345,154.5,9.7,51,173,60,123
346,154,8.8,50,170,63.5,121
351,159.5,9.35,51,176.5,65.5,123.5
348.5,163,9.35,54.5,180,64,125
345,162,8.85,55.5,175,61.5,122.5
342.5,163.5,8.75,54.5,179.5,61,121
346,158.5,8.25,50,169,62.5,116.5
342.5,161,8,50,170.5,64,119.5
334,160,8.15,52,165,65.5,118.5
329.5,157.5,8.4,50,169.5,64.5,118
326.5,154,8.45,49.5,162.5,65.5,117
320,155,8.25,47.3,157,66.5,117.5
328.5,155.5,8.05,46.1,155,66.5,117.5
328.5,150.5,7.45,48.2,154.5,66.5,116.5
328.5,150,7.7,48,152.5,68.5,116
326,149,7.7,48.2,157.5,67.5,116
317.5,135,7.25,46.3,154,68.5,113.5
310.5,135.5,6.8,42.9,145,65,112.5
315.5,140,6.65,44.4,144,67.5,114.5
316,140,6.75,49.1,144.5,67.5,113
323,140,6.75,48,144.5,67.5,113
310.5,136.5,6.15,47.8,138,68,111
306,137.5,6.1,48.4,138,68.5,111
304.5,143,6.75,47.9,146.5,69.5,116
305.5,140.5,6.8,48.2,147,68.5,115.5
296,136.5,7.3,50,146,66.5,117.5
289.5,134,7.05,48.8,137,64.5,113
284,135,7.25,47.9,143.5,64.5,113
293.5,134,7.75,48.4,143,63,113.5
289,133,7.8,49,141.5,64,115.5
290,131,8.7,49.9,145.5,65.5,115.5
290.5,133,8.45,49.7,142,64.5,116.5
291,136,8.35,50,135.5,64,115.5
289,131.5,7.75,49.9,130.5,63,111.5
286,135,7.6,51,129,64,113.5
283.5,131,7.45,49.8,129.5,63,113
277,131.5,7.4,48.8,130,62.5,113
271,132,7.25,50.5,123.5,61.5,111
265.5,132.5,7.25,51.5,125,61.5,109.5
256,129,6.75,50.5,119,61.5,107.5
255,125.5,6.6,50,118,61,103.5
266,126,6.8,49.3,122.5,59,100
291,131.5,7.2,49.9,125.5,59.5,101.5
292,125.5,7.25,46.8,122,62,104
292,131.5,6.4,48.2,124,62.5,106
285,128.5,5.6,48.8,120,63.5,103.5
288,135,5.9,49.4,121.5,62.5,103.5
284,134,6.15,46.2,117,61.5,105.5
283,130.5,6.35,45.5,116,61.5,103
285,128,6.1,44.1,115.5,59.5,98.5
293,133.5,6.35,45,122.5,60,103.5
291.5,138.5,6.35,46.3,118.5,60,102.5
282.5,143.5,6.05,42.1,114.5,60.5,105.5
288,144.5,6.1,40.2,116,60.5,108
291,145,6.55,40.5,121,62.5,110
298,146,6.5,38.9,123,63,110.5
290.5,144.5,6.4,37.9,118.5,63,113.5
287,146,6.15,37.9,116,63,113
291.5,144,5.95,37.8,116,63,113
285,142.5,5.85,38.3,117,62,112.5
274.5,140,5.5,36.3,110.5,62,110
271.5,139.5,5.5,36.6,108,62,109.5
265.5,144.5,5.5,36.3,109.5,63,109.5
272,147.5,5.55,35.5,113.5,64,112.5
279,147.5,5.6,36,114.5,64.5,111
276.5,144,5.35,35.9,110.5,65,110.5
272.5,137,5.15,36.6,111.5,65.5,110.5
272.5,137,4.99,35.8,111.5,66,109.5
268.5,135,5,34.2,106,65.5,110
263,135,4.84,32.9,106,65,109
257.5,135.5,4.4,33.5,107.5,66.5,109
249,129.5,4.64,32.4,111.5,66,106
263.5,132.5,5,33.4,117.5,67.5,110
270.5,137.5,5.6,34.9,124,64.5,113.5
285,141.5,6.3,34.8,129.5,64.5,117.5
282.5,146,5.95,35.4,130,62.5,117
294.5,145,6.05,35.7,130.5,64,120
299,147.5,6.1,36.6,130,65,118
306.5,148,6.3,36.8,135,65,120
300,144.5,6,36.4,129,64.5,118
304,145,6.05,35.8,130.5,64.5,118
309,145,6.05,35.6,127.5,64.5,118.5
301.5,140.5,5.8,35.4,128,63,116.5
296,138.5,5.9,35.6,126,64,115.5
289,134.5,5.3,35.4,118.5,63,115.5
295.5,134,5.45,37.3,121,63.5,117
307,138.5,5.75,40.2,128.5,64,119
292.5,138,5.85,40.9,129,64,122
297.5,137.5,6,42.3,128.5,64,122.5
312.5,144.5,6.5,43.6,134.5,64.5,126
308.5,144,6.15,43.8,129,63.5,125.5
305,143.5,6.15,42.9,128,63.5,125
296,139.5,5.9,42,122,64,124.5
292,141,5.65,41.5,123,64.5,125
297.5,141,5.65,42,124,65,125.5
302.5,145,5.85,42.4,127.5,64.5,129.5
293,143.5,5.95,42.4,125.5,63,128
292,140,6.05,42.8,135,62.5,127.5
295,144.5,6,43.1,137,64,127
305.5,140,6.2,43.9,140,63.5,127.5
309.5,143.5,6.1,43,136,63,128.5
313,144.5,6,45.8,133,60.5,128.5
321.5,149.5,6.2,45.8,137.5,60.5,132
312,152.5,7.25,46.6,137.5,61,132.5
324,153.5,7.45,46.2,138,60.5,125.5
328.5,149.5,7.8,48.3,134,59,125
338.5,153,7.9,48.2,136.5,58,126
333,154,7.9,47.3,137,59,129
326,152.5,7.6,47.4,137.5,59,126.5
320,149.5,7.15,47.2,133.5,58,124.5
320.5,150.5,7.45,46.9,134,57,126
325.5,151.5,7.6,46.8,137,58,128.5
331,153,7.8,46.3,140,60.5,130.5
337,151.5,7.7,46.1,138,60,129
341.5,148.5,7.9,45.8,141,60.5,129
346.5,146.5,8.1,45.7,140,60.5,128
331.5,142,7.65,45.4,133.5,60.5,127
324.5,144,7.3,44.9,131,61.5,126.5
315.5,141.5,7.3,44.2,127.5,62.5,123.5
321,144,7.45,44.4,132,63,124.5
315.5,145.5,7.55,44.1,130,62.5,128.5
318,146,7.45,44,129,62.5,125.5
320.5,145,7.6,44.6,129.5,63,126.5
323.5,148,7.9,44.6,137,62.5,128
318,148,8,45,139.5,62.5,128
321.5,152.5,8.2,45.2,142.5,62,129
321,152.5,7.8,45.3,140.5,61.5,128
325.5,151.5,7.95,45.4,139.5,60.5,127.5
330,150,7.75,45.5,136,61,129
350,151,8.35,46.3,140.5,59.5,130.5
344.5,150.5,8.75,45.9,136.5,59,128
345.5,152,8.95,46.8,137,60.5,129
344,157.5,9.15,46.2,134.5,61,128
338.5,154.5,8.7,45.8,131,60.5,127
342,155,8.6,46.7,133.5,60,128
346.5,157,8.85,48.1,135,61.5,129.5
353.5,157,9,49.1,136.5,61,130
341,155.5,8.85,49.2,138,60,129.5
333,151,8.65,49.9,134.5,60.5,128
333.5,150.5,8.35,49.3,134,61,127
332.5,153.5,8.55,50,135,61.5,127
329.5,156,8.3,51,136,61,126.5
331.5,158,8.6,52,136,61.5,128
324.5,158,8.6,53,131,60.5,126
317.5,153.5,8.35,51,129.5,61.5,125
324.5,159.5,8.45,51.5,132,60.5,124
337,161,8.6,54,132,60,126
336.5,158.5,8.75,55,130.5,59,127
346,166,9.15,55.5,137,60.5,126
332.5,167,9.2,58,138,60,127
327.5,164,9.05,56.5,144,59.5,125
337,162.5,8.75,56,145.5,60,125
338.5,163.5,8.8,52.5,143,60.5,125
339.5,166,9.2,53.5,145,60.5,127
324,170,9.75,53,144,60.5,130
325,171.5,9.5,52.5,143.5,58.5,128
324,177.5,8.75,51.5,122.5,59,126.5
322.5,170,10.1,52,121.5,59,125.5
317.5,167.5,10.5,52.5,118,58,124.5
320.5,167.5,10.3,52,120,57,125
321.5,168,10.4,51.5,119.5,58,123
329,172,10.8,52,122.5,56,124.5
326.5,171.5,10.9,53,120.5,56.5,123.5
323.5,171,11.5,54,124,56,124
323.5,168,11.2,52.5,123.5,55,125
328,169.5,11.3,53,124.5,55.5,126
331.5,170,11.8,53,126.5,56.5,126.5
326.5,172.5,11.6,52.5,122,57,126.5
317.5,172,11.7,52,120,57,124.5
320,173.5,11.9,53,119.5,55,125
314,169.5,11.2,52,114,54.5,122.5
321.5,168.5,11.3,53,115.5,56.5,124
328,168,11.4,55,115.5,57,125.5
326,167,11.2,54.5,118,57,126.5
330.5,170,11.5,56,119,57,129.5
337,169.5,11.8,57,120,56.5,130
345.5,170.5,11.8,57.5,121,56.5,129
342,171.5,11.7,56.5,120,57.5,127
345.5,178.5,12.2,58.5,122,57.5,127
345,183.5,12.8,59.5,127.5,56.5,130.5
335,179.5,12.5,58,128.5,56.5,133.5
330,179.5,13,57,130,59,134.5
327,179,13,58,132,58.5,133.5
327.5,177,12.7,57.5,130.5,58.5,132.5
333,175.5,12.7,54.5,131.5,58.5,129
340,181,12.9,56,136,58,129
343,186,13.1,55,137.5,57.5,129
332,186.5,12.8,56,137,56.5,127.5
333.5,188,12.9,57,137.5,58,131
335,188,13,58,137,57,130.5
342.5,191,13.4,59,140.5,58,131
346,190.5,13.8,57.5,139.5,59,130.5
351.5,189,14.1,57.5,137.5,60.5,129.5
351.5,186.5,14.3,57,139,61.5,129
351,185,14.1,58.5,132,61,128
353,185,13.4,58.5,126,61,128
349.5,189.5,13.2,59,124.5,59.5,129
347,186.5,13.4,59,125.5,60,128
345,185.5,13.1,59.5,126.5,60,131.5
347,186,13.2,59,127,60.5,134
347.5,183,13.3,58,125.5,60,134.5
349,183.5,13.2,57,127,61,133
349.5,182,12.7,56,126,62,134
343,176.5,12.3,54.5,123,60.5,130.5
341,177.5,12.1,53.5,120.5,61,130
333,177,11.7,53.5,119,60,129
332,172,11.5,53,118,60.5,127
336,173.5,11.6,53.5,119.5,60.5,127
331.5,171.5,11.5,52,121,60,126.5
332,168.5,11.3,52.5,120.5,59,127
337,169.5,11.3,53.5,122.5,60.5,130.5
337.5,167,11.5,54.5,125,60.5,128.5
354.5,175.5,12.2,56,130.5,60.5,131.5
349,175,12.5,55,129,60,131.5
342.5,175,12.8,54.5,128,60,130
340,176.5,13.1,56,128,59.5,130
347,177,13.3,56,132,60,131
344.5,174.5,13.1,55.5,131,58.5,129.5
348.5,175,13.8,55.5,133,58.5,131.5
349.5,176.5,13.8,55.5,131,59,131
351.5,182,14.2,56,132,59,133
353.5,182,13.6,55,127.5,59,133
363,179.5,13.8,54,131.5,59,132
366,178.5,13.6,54.5,131,59.5,134.5
364.5,164,13.5,53.5,132.5,59.5,130.5
357.5,159,13.1,53,129.5,58.5,129
373,162.5,12.8,52,128.5,64,130
373,162,13.4,57,129.5,64.5,129
379,164,13.4,57.5,130,64,131
378.5,161.5,13.7,59,131,65,133
375.5,163,13.9,59,132,64,131.5
377,161,13.5,59.5,132,64,133.5
370.5,160,13.4,58.5,132.5,63.5,132.5
372,163.5,13.2,58,135.5,64,134.5
366.5,161,13.1,59,134.5,66,135
365,160,12.5,59.5,133.5,66.5,133.5
366,163,12.9,60,136,67,133.5
365,165,12.8,61.5,138,67.5,135
354,164.5,12.5,60.5,135,67.5,136
359.5,162.5,12.1,59.5,134,68,135.5
357,163.5,12.7,59.5,136,68.5,133.5
362,164.5,12.9,60,137,68,136
369,165.5,13.2,60,136.5,68.5,138
362,163.5,12.5,59,132.5,70,137
363.5,161.5,12.4,59.5,134,68.5,138
353.5,157,12.1,59,132,67.5,137
352,154,12,59.5,133,67.5,135.5
348,154.5,11.9,58.5,133.5,67.5,132
352,155,12.3,61,138,70,135
350.5,157,12.3,61.5,136,70.5,136
347.5,159,12.2,61,136,69,132.5
348.5,159,12.4,62.5,136.5,69.5,134.5
347.5,159,12.2,62.5,136,68,134.5
347.5,160.5,12.4,62.5,136,69.5,136
342.5,157.5,12.5,62,135.5,68.5,136.5
345,161,12.5,61.5,134.5,68,137
345,162,12.8,62,137,69.5,138
342.5,160.5,12.4,62,134,69,138
337.5,157.5,12.1,59.5,130.5,70,137.5
336.5,155.5,11.8,61,129,71.5,138.5
338,155.5,11.7,61,129,71.5,137.5
339.5,157,11.9,62,129.5,71.5,138
332.5,156,12,62.5,129,71.5,140
332.5,156.5,12.2,62.5,130,73,141
335,153.5,11.8,60,128,72,140.5
330,152,11.6,60,125,71.5,137.5
341.5,156,12.1,60,126,71.5,137
343.5,155,12.3,58.5,127.5,72,138
344.5,154.5,12.2,60,125,74,138
348.5,156.5,12.4,60.5,125.5,74.5,140.5
352,158,13,59.5,123.5,74,143
350.5,158,12.9,59.5,124.5,73.5,142.5
353,161,13.1,60,124.5,75,144.5
347.5,159,13.1,60,125,73,144
345.5,158.5,13,61.5,128,71.5,140.5
344,159.5,14.8,60.5,145.5,71,139
344.5,160,15.6,60.5,147.5,70,138
342,160,16.1,60,149,71.5,138.5
340.5,165,16,60.5,148.5,71,138
340,171.5,15.8,60.5,152.5,70.5,137.5
336.5,168,15.8,60.5,150.5,70.5,140
344,169.5,16.7,60,153.5,70.5,140
347,172.5,17.1,62,154.5,69,138
345,169.5,16.6,61.5,153,69,139
347.5,167.5,16.2,61.5,149,71,139
357,170,16,63.5,152.5,71.5,141
352.5,170,16,63,154.5,71,141
357,172.5,16,64.5,154,72.5,140
353.5,169,16.4,65,154.5,70.5,140.5
362.5,170,16.1,64.5,153.5,71,140.5
356,169,15.5,63.5,151,72,139.5
356.5,171.5,16.5,65.5,152.5,71.5,139
357.5,170.5,16.5,66,154,70,137
355,168,16.4,65.5,153.5,71,137.5
360,167,16.5,65.5,151,73,137
359.5,167.5,17,63.5,150,72.5,136.5
355,169,19,64,152,72,136.5
358.5,169.5,19.8,64,155,72.5,138
359,172.5,20.9,60.5,158.5,73.5,137.5
352,174.5,21.1,60.5,161,71.5,139.5
348.5,161.5,20.6,59,161.5,69,137
353,158.5,20.1,59,159,70,137.5
353,158,20.8,60,160.5,70.5,138
354,158,20.5,60.5,162.5,70.5,141
348.5,160,21,60.5,163.5,71,139
350,162,21,61,165,71.5,139
351.5,160,20.4,59.5,163,71,138
351,158.5,20.9,60,166.5,70.5,139
349.5,158,20.2,59,161.5,70.5,139
358,158,20.6,59,162,70.5,138.5
357,157,21.2,61,163.5,69.5,140.5
357,157,21.7,62,163,71,139
363,158.5,21.6,62.5,163.5,72.5,139
368.5,159.5,22.2,61,167.5,72.5,139.5
367,161,23,61.5,168,73,138.5
371,160.5,22.6,60.5,170.5,73,138
364.5,159,22.9,61,171.5,72,138
369,159.5,23.1,59.5,173,73,138
372,158,22,59.5,167.5,72.5,138
374,157.5,21.6,58.5,166,73.5,139.5
363,153.5,20.3,58,160,72.5,136.5
367,156,20.7,58.5,161.5,71.5,138
364.5,154,20.7,59,155.5,73,137.5
366.5,154,20.6,59,157.5,73,136.5
364.5,157.5,21.3,60,161.5,73.5,138
360.5,154.5,20.4,58.5,154.5,73,138.5
363.5,154,20.5,57.5,153.5,72,139.5
354.5,152,19.2,56.5,147.5,72,138.5
353.5,153,19.4,56.5,147,72.5,139
355,151,19.4,57.5,149,72.5,137.5
350.5,152.5,20.2,57,152.5,73,139
351.5,152,20.1,55.5,151,72,140
356.5,154.5,21.2,55,153.5,72.5,140.5
355.5,152.5,21,55,151,74,140.5
353.5,154,20.9,56.5,153,77,141.5
357.5,156.5,22.3,58,155.5,78.5,141
358.5,158.5,22.9,57,159.5,77.5,141.5
359,160,23.4,56.5,160.5,79.5,142.5
365,160,23.3,57.5,133,78.5,142.5
366.5,159.5,23.5,58,128,79.5,143
363,156.5,23.4,58.5,128.5,80.5,143
365.5,158,23.3,58.5,129.5,81.5,145
363,158,22.8,57.5,127.5,81,144.5
370,157.5,22.9,60,124,80,144
373,159,22.8,61,114,81.5,144.5
367.5,160,23.3,60,116,80,145
364.5,159.5,24.1,60.5,117,81,148
363,160,23.6,63,115,80.5,146.5
367,155.5,24.3,63.5,117,81,149
365.5,156,22.7,65,116.5,81,147.5
363.5,151,21.9,64.5,116.5,81.5,152.5
363.5,152.5,22,65,115,79,155.5
356.5,152.5,21.3,65,112.5,77,149.5
356,151.5,21.2,66,110.5,77,147
362,151,20.7,66.5,108,77,146
364,152.5,21.1,68.5,108.5,77.5,146
366.5,153,20.8,68.5,106.5,78,146
366,153.5,21.7,68,108,78.5,148
363,149,21.2,67,106.5,78,143
365,148,21.2,67,107.5,79,145
362.5,144,19.9,66,104.5,76.75,139.5
364,146,20.3,66.25,106.5,76.75,141.5
362.5,142.5,19.5,66,103.5,76.75,139
367,146,20.3,67.5,104,78.5,143.5
364.5,145.5,20.1,67,102,79.25,143.5
358,144,19.3,65,101,78.5,142
362,145,19.4,65.25,101.5,77.25,142.5
357,148,20.4,66.75,103,79.25,142
350,146.5,20.2,66.5,99,78.25,141.5
351,148,20.4,66.25,99.5,77.5,143.5
355,145.5,19.8,66.75,99,77.5,142.5
353,146,20.3,66.75,100,77.75,142
354,147,20.7,66.75,101.5,78,143.5
350.5,148.5,20.8,66.25,101.5,78.75,142.5
348.5,148,20.3,67.5,101,78.5,142.5
351.5,148.5,20.5,68.75,101.5,79,143.5
353.5,149.5,20.5,70,102,78.75,144
356,146.5,21.2,69.5,104,79.25,145
354.5,148,21.9,70,107,79.5,147
357.5,146,22,70,106.5,80,148.5
359,147.5,21.6,69.5,107,78.5,148
357.5,145.5,21.5,69.75,107,77.5,149.5
357,146,21.3,70.25,109,76.5,149.5
352.5,144,20.8,70.5,107.5,77,149.5
356,144,21.2,72.75,108,77.25,148.5
360,144.5,21.3,73,107,77.5,148.5
358.5,144,21.1,72,106.5,78,147.5
358.5,142.5,20.6,72.5,107,78,148
358,142.5,20.5,72.5,107.5,77.25,147.5
354.5,142,20.4,71.5,105.5,76.5,147.5
360,142,21.5,72.5,106.5,76.75,148
353,144,22.2,72.5,107.5,77.75,149.5
345.5,144,22.3,73,107.5,77.5,150.5
345.5,144.5,22.2,72.75,106,77,150.5
342,144.5,22.2,72.5,108,77,150
340,144,22.4,75,110,76.5,148
341,141.5,22,74.5,109,77,148
340,141.5,21.8,74.25,108.5,77,147.5
338,141.5,21.5,74.25,106,75.75,146.5
330,142.5,21.6,74.75,105,77,145
334.5,142.5,21.4,75.25,106.5,78.5,145.5
327,142,20.9,76.5,108,78,145
322.5,142,20.2,76.75,106.5,77.5,142
328,144.5,20.3,76.75,106,77.75,145
328.5,143,21,76.5,105,77,143
322,141,19.6,75.75,91.5,78,142.5
319.5,138,20.1,76,90.5,79.75,145
319,137,19.6,75.75,89,78,143.5
328,134,19.7,75.75,90.75,77.25,142.5
331,133.5,21.3,83.5,91.5,76.25,143.5
332,133,20.4,82.5,88.75,74.5,140.5
338.5,132,20.4,82.5,89.5,72.75,140.5
334,131.5,19.4,81.75,88,73,140.5
338,132.5,20.3,82.5,89,74.75,140
339.5,132.5,20.1,81.75,86.5,73.5,139
341.5,134,20.6,80,88.5,74.25,140.5
346,134,20.7,79.5,88.25,75,141.5
346,133.5,20.3,80.75,87.75,75,141.5
344,132.5,20.2,81,88.25,74.25,141
344,131.5,19.8,79.5,87,75,140.5
341.5,131.5,20.2,81,87.25,75.75,141
332,131.5,19.2,80,84.25,75,139
333.5,129,18.9,79,83.75,74,139
332,130.5,19.3,78.5,84.75,74.25,140
328.5,130,18.4,78.25,84,74.5,139
334,130,17.7,78,83.25,74.5,139.5
332.5,130,18.1,77.75,82.75,74,138
333,132,18.5,76.75,86,74.5,138
329,133,19.1,77.75,86.75,74,137
329.5,133,19.4,77.75,87.25,74,140
330.5,131.5,19.7,77.5,88,74.25,139.5
332,131.5,19.6,77.5,87.25,74.5,141.5
338,134.5,20.5,77.75,88.5,74.25,142
336.5,135.5,20.1,78.25,88,74.5,141
338,137.5,20.4,78.25,88.5,74.75,142
341,140,20.3,78.5,89.25,75.5,143
347,137.5,20.4,77.75,89.5,75.5,144
345.5,138,20.6,78.5,89,75.25,143.5
347,137.5,20.2,79.25,88.25,76,144
344.5,138,20.8,81,88.75,75,147
345,138.5,20.8,80.5,91.5,76,148
354,139.5,20.3,80.5,93,76.75,149.5
359.5,141,20.2,80.5,94,77.75,148.5
354,142,19.9,79.5,94.5,74.5,150
352.5,142,19.7,79,95.5,75.5,150
337,142.5,19.8,78.5,101.5,74.75,149.5
334.5,141.5,20.4,78.75,101,75,148.5
312,144,21.5,79.75,103.5,75,151
314,142.5,21.2,79.5,102,74.75,150.5
315,141,21.3,79,102.5,74.5,148.5
313.5,142.5,21.3,79.25,103,74.5,149
313.5,142.5,21.6,79.25,104,74.25,149
310,141.5,21.5,78.25,104,74.5,147.5
313,142.5,21.5,78.25,104,73.25,147.5
314,142.5,22,78.25,102.5,74.25,147.5
311.5,131,22.4,77.5,101.5,74,147
312,130.5,22.4,79.25,101.5,73.75,147
308.5,131.5,22.1,80,100.5,73,146
307,131.5,22.1,79.75,99.5,74.25,146.5
302.5,134,23,81.75,100.5,76.75,151.5
301,133,22.6,81.75,100.5,77,151.5
300.5,134,23.2,82,103.5,79.5,153
301.5,133,23.6,81.5,106,77.75,155
299.5,131.5,23.5,81.25,105.5,77,155.5
289.5,131.5,23.3,80.5,105,76,155.5
283.5,132.5,23.4,79.75,105.5,75.75,155
285,134,23.1,79.75,103.5,76.25,155
287.5,134,23,79.5,102,76.5,155
286,132,22.8,79,100.5,76.5,153.5
284.5,131.5,23.5,79,103.5,77,154.5
280.5,131.5,22.9,78,105,76.75,155
277.5,127.5,23,77.25,107.5,76.5,153.5
279.5,126.5,23,76.25,106.5,77,154
285.5,129.5,23.6,77,110,77,153.5
284.5,130.5,23,76,107.5,77,153.5
291,129,22.5,81,107.5,77,153
288.5,132,20.8,83.5,108.5,76.75,154
283.5,128,19.8,84,105,75.5,153
282,129.5,20.4,81.25,104.5,77,151.5
287.5,132,20.7,78.5,107,77.75,152.5
289.5,131,20.8,80.75,109,79.25,153
291.5,131.5,20.6,80.25,109.5,78.25,153.5
293,132.5,21,81.25,110.5,79.5,154
296.5,135,21.7,83,112,79.5,155
303.5,134.5,21.9,84,112,79.75,156
300.5,134,21.4,84.25,111,80.25,156
303.5,135,21.5,84.75,114,80.5,158
302,136.5,22,85.25,112.5,80.25,156
305,138,21.6,86,113.5,81.25,158
301,141.5,21.4,87,114.5,81,159
301.5,142,21.6,88.5,116,81,158
297.5,141.5,22.5,89,114.5,80,160
298.5,140,22.7,88.75,114,78.5,158.5
300,138.5,22.6,88,112.5,79,156.5
303,147,23,87.5,115,79,159
304,144.5,23.1,87.5,115.5,79.75,159
273,145,22.8,87,113,79.75,159
273,144,22.5,86.75,112.5,79.5,158.5
275,144.5,22.7,86.5,110.5,78.75,160
268,146,22.7,84.25,110.5,78,160.5
266,145.5,22.7,85.5,110.5,79.25,163
265.5,148,22.3,85.25,111,79,165
267,148.5,22.4,85,110.5,79,163.5
264.5,148,22.4,84.5,109.5,76.25,162.5
271,147.5,22.7,83.5,110.5,77.75,166
276,148,23,85.5,113,76.5,166
269.5,146,22.6,87,109.5,75.5,165
266.5,145.5,22.4,89.5,108,74.5,163
270,145,22.8,95,109,75.5,165
275,143,22.4,92.75,108.5,75.25,166
276,142.5,21.5,93.75,106.5,75,164
275,145,21.8,93.75,106.5,77.25,166
269.5,145,21.6,92.5,104.5,78,168
267.5,145.5,21.8,92,105,79,166.5
265.5,145.5,21.4,90.75,105,79,166.5
271,145,21.7,95,103.5,78.5,167.5
248,144,21.2,95.75,101,79,167
250,146,21.6,93.5,101.5,79.25,166.5
247,152.5,21.3,93.5,104,78.75,168
242.5,152.5,21.4,93.5,106,79,169.5
241,153,20.9,97,106.5,79.5,173
241.5,152.5,21,94,104.5,78.75,172
241.5,151.5,21,94.5,105.5,78.25,170.5
237.5,151.5,21.3,93.5,104.5,78,170.5
241.5,152,21.2,93.25,104.5,77,172
243,155.5,21.2,95,105,77.75,172
245.5,154,21.9,97,106.5,77,171.5
247,152,21.5,97.25,104.5,77,169.5
251,151,21.2,97.75,106,77.75,170
251.5,151,21.6,101,108,78,174
249.5,151.5,21.2,100,105,77,170.5
248.5,146.5,20.3,98.25,104,78.5,168
247.5,143.5,20.4,98.5,103.5,81,168.5
245,145.5,20.8,97.75,104.5,81,168.5
244.5,146,21.4,99.25,105.5,82,167
244.5,147,21.2,100.5,103.5,82.25,165.5
246,145.5,21,99.75,102.5,83.25,168
245,145,20.4,100.5,99.25,82.5,167.5
244.5,146.5,20.3,99.5,97.75,82.75,165
243.5,147,19.9,98.5,97.25,83,164
247,151.5,20.2,101,98,84.75,166
249.5,151.5,20.3,101.5,99.5,84.25,163.5
261.5,151.5,20.7,102,105.5,84.25,162
263.5,146,20.3,100.5,105.5,83.75,161.5
263,149,20.5,100.5,107,84,165
266.5,151,21.1,102,108,84,166
271.5,150.5,21,103.5,109,85.25,166.5
271,147.5,20.4,102.5,109,87.25,166
274.5,147,20.5,102.5,110,86,166.5
275.5,147,21.3,103.5,110,86,166.5
277.5,148,21,103,111.5,84.5,167
279,145.5,22,103.5,111,84.25,167.5
278,146.5,20.2,103,111,84,168
277,149,20.2,101,112,82.5,171
275.5,146.5,20.4,101,112,82.75,170
271.5,163.5,20.6,99.5,112,82.5,171.5
273.5,163.5,20.4,98.25,110.5,82.75,168.5
272.5,164.5,20.1,99,109.5,84,170
274.5,163,19.8,96.75,110,83.25,169
286,162.5,19.8,97.25,109.5,84,171
286,165.5,20,97,111.5,83.75,166.5
282,165.5,19.7,95.25,109.5,83,165
278,165.5,19.6,96,109.5,82.25,165
274.5,165,20.2,97.25,112,82,166
270,164.5,20.2,97,111,81,166.5
273.5,163.5,20.4,96.5,111.5,81,167
275,169.5,20.8,96,111.5,81,166.5
283.5,168.5,20.5,96.5,110,81,165
283.5,170,20.8,96.75,110.5,80.5,165
284,170.5,20.7,96.5,110.5,81,166
280.5,167.5,20.3,95.25,111,81.5,166.5
279,168.5,20.6,97.5,111,80.5,167
281.5,167,20.3,97.75,110,80.25,167
284,167.5,20.6,97.5,110,80.75,168
283.5,166,20.5,95.5,111,82,167
288.5,166,20.5,97.25,111.5,82.5,167
282,162.5,19.8,96.75,110,82,166.5
282.5,164,19.9,97,111.5,82.75,166
280.5,163.5,19.9,97.75,111,82.25,165
280.5,162,19.7,98.25,110,82.75,165
279,165,19.9,97.5,110,83.75,165.5
279,165.5,20.3,97.5,109,84,165
281,166.5,20.1,97.75,107,85.25,165.5
279,164.5,20,98,108.5,84.75,166
276.5,163.5,20,98,109,85.5,164.5
279.5,164.5,19.9,96,109.5,86.5,167
282,165,20.2,97.25,111,88.25,167.5
279.5,162.5,19.9,98.25,108.5,87.25,167
289,163,20.1,101,109,87.75,168
290,163.5,20.2,101,109,89,169.5
289,163,20.2,102,111,88,171.5
292.5,162,20.6,100.5,109.5,88.25,171
292,165.5,20.7,101.5,109,90.25,170
291.5,166,20.5,101.5,107.5,88.5,170.5
297.5,162.5,20.9,101,108,87.5,172
303.5,162,20.9,100.5,108,87,171.5
309,160.5,20.2,100.5,105,87,172
307,160,20.1,98.5,104,85.5,169
307,158.5,20,99.75,106,85.25,167
305.5,157,20.1,100,108,84,171
304,149,20.8,99,113.5,86,171
304,149,21.6,98.5,115,85.5,171.5
304,148.5,21.4,100,115.5,86.25,171
308,146,21.3,97,114,87.75,168
306,142.5,20.9,95.5,112.5,85.5,160
310,143.5,20.9,96.25,113.5,83.75,159.5
310.5,143.5,20.9,96.25,113.5,84,158.5
313,147.5,20.9,96.75,115,84,159
316.5,148,21,96.5,114.5,84,158
316,146.5,21.1,97,116,83,159
319,146,21.9,96,121,84.25,161.5
314.5,147,22,94.25,122.5,85.25,161
311.5,145.5,21.7,93.75,121.5,86,160
310,143.5,21.7,93.5,120.5,86.25,159
310.5,145.5,22.4,94.75,122.5,87,160.5
311,146,22.4,96.5,124.5,86.5,160
312.5,149,22.5,95.25,125.5,86.5,160.5
315,148,22.6,94.25,125,86.25,160
316.5,150,22.8,96.5,127.5,86.75,161.5
315,151.5,23,99.5,127.5,87.5,161.5
312,159,23.1,97.5,127,86.75,161
310.5,156.5,23.2,96.75,127,86.75,160.5
308,158.5,23.2,98.25,127.5,86.5,159.5
311,159,23,100.5,124.5,85.75,159.5
314,160,23.2,98.75,126,86.5,160
313.5,161.5,23.1,100,125.5,86.25,160.5
315.5,161.5,23.3,99.75,126,86.25,160
316.5,162.5,23.4,99,125,85.25,160
318.5,161.5,23.4,100,127.5,85.25,161.5
314.5,160.5,23.5,100.5,128,85.5,161
314,161.5,23.5,100.5,128,86.25,160
315,160,23.6,100.5,128,87.25,160.5
314.5,158,23.7,101,128,87.25,160.5
317,157.5,23.5,101,126.5,87.75,160.5
319,158,23.9,103.5,128.5,87.75,160
320,156,23.8,104,130,89,158.5
317.5,160.5,24.3,105,131,89.5,159
314.5,161,24.2,106,130.5,90,158
313,163,24.2,104,131.5,89.75,158.5
312,161.5,24.2,107,129.5,88.25,159
317,160,24.8,104,129.5,88,158.5
320,162,25.2,107,131.5,87.5,157
321.5,163.5,25.4,106.5,133.5,88,156.5
320.5,166,26.2,105.5,134.5,88.5,157
314.5,165,25.2,102.5,131,87.75,156.5
317.5,162.5,25.2,104,131,88.25,157
321,165,25.4,104,133,88.75,158
324.5,166.5,25.1,104.5,131,88.75,158
324.5,166.5,25.5,105,132,89,158
324.5,165.5,25.8,106.5,131.5,89.75,159
325,165.5,25.6,107,132,89.5,159.5
326,166,25.9,108,132.5,90.25,159.5
322,163.5,25.4,106.5,130.5,89,158.5
327,166,25.9,106.5,134,89.5,158.5
329,168.5,26.5,107.5,137.5,90.5,159.5
324,169.5,26.6,106.5,135.5,90.5,160
324,168.5,26.8,109,137.5,90.5,162
326.5,169,26.9,110.5,139,92,161.5
327,169,26.6,111.5,138.5,92,161.5
324.5,167,26.7,111.5,139,92.5,162.5
319.5,175.5,26.7,114,141,92.25,163.5
319.5,174,26.3,112.5,138.5,93.25,161
320,176.5,27,116.5,124.5,95.25,161
319,178.5,26.6,116,121.5,95,162.5
321.5,174.5,26.7,116,119.5,95.5,163
320,178,26.5,114.5,121.5,95.25,163
322.5,175,26.8,113.5,123.5,96.25,165
340,175,26.9,114,124.5,96,165.5
351.5,174.5,26.6,112.5,123.5,97.25,166
350.5,174,26.5,113,122,97.25,165.5
351,173.5,26.7,113,123.5,97.5,168.5
353,170,26.7,111.5,123.5,97.25,169.5
351,172.5,26.3,111,122,97.25,168
353,169,26.3,110,121,98.75,169.5
352,171.5,26.2,108.5,122,98,170.5
353,173.5,26.5,109.5,124.5,97.25,171
352,176,27.4,109.5,125.5,96.75,173.5
351,174.5,27.3,108.5,122.5,96.75,174
354,174,27.3,109,122.5,96.25,172.5
352,173.5,27.5,109.5,121.5,96,171.5
359,172,27.4,110.5,121,95.75,171.5
357,172,26.8,112.5,120,96,172
356.5,170.5,26.7,112,120.5,95.5,172.5
356,171,26.8,110,121,95.5,174
355.5,172.5,26.7,112,121,96,175
353,172.5,26.5,110,119.5,96.5,170.5
348,168.5,26.2,106,119.5,96.25,167.5
346,167,25.6,104.5,118,96,165
340,165,25.7,104,117,95.25,163
345,166,26,106,118,95.75,164
346,166,25.7,106.5,118,95.5,162.5
346.5,170,26.2,107.5,118.5,96,164
351,168.5,26.2,108.5,118.5,96.5,164.5
356,167.5,25.9,108.5,117.5,96.75,165.5
356.5,166.5,26,109,119,97.25,166.5
360,168.5,26.1,109.5,120,97.25,166
365.5,170,26.3,112,120,97.25,165
367,167.5,26.5,110,120,95,164.5
366,169,27.3,113,122,94.25,165
368.5,169,27.4,112.5,121.5,94.25,163.5
367,170.5,27.3,114,126.5,94.5,163
367.5,174.5,27.3,114,127,94.5,163.5
366.5,175.5,27.2,112,127.5,95.75,164
364.5,179.5,27.2,112,126.5,96.75,168.5
367.5,179,27.3,115,126,96.25,168
361,178,27.5,114.5,127,94.5,167.5
356.5,177,27.2,112,125,93.75,166.5
361,177,27.2,112,125.5,93.75,166
364.5,178,27.2,112,126,93.5,164.5
368.5,177,27.7,111.5,128,94.75,166.5
370.5,177,27.8,113,127.5,94.5,171
363,178,28.3,115,127.5,93,172
363,179.5,28.3,115,126.5,92.5,171.5
361,181.5,28.3,117,129.5,92.5,177
365.5,183,28.8,117.5,132.5,94.25,178.5
372.5,182.5,28.8,118.5,133,95,177.5
379,180.5,28.4,116,132,94.5,175.5
376,179.5,28,114,130,93.5,174
375,178,28,113.5,128.5,93.75,175.5
375.5,180.5,28,115,129.5,93.75,176
372.5,179.5,27.9,115.5,131.5,94,176
371,178.5,27.4,114.5,131,93.25,174.5
370,177,27.1,114,131,92,172.5
373,175,27.5,114,132,91.25,174.5
369.5,176.5,27.3,113.5,133,90.75,174
362,174,27,113,133.5,90.5,172.5
367,171,26.5,112,133,91,169
360.5,173,26.2,112,126,91,170
366,173.5,26.1,111.5,127,91.75,169
370,176,26.1,111.5,128.5,92.25,170.5
364.5,182.5,26.3,112.5,128.5,89.75,170
363,184,26,113,128,90.25,175
352,181,25.5,112.5,127,89,175
349,181.5,25.5,111,127,89,177
357,185.5,26,112,132,90.5,180.5
358,186,25.9,111,135.5,90,181
362.5,187.5,26,112.5,136,90.25,181
367,187.5,26.8,113.5,139,91,182
365.5,187,27,85,138.5,91.5,181
373.5,189.5,26.7,85.75,139,90.5,183
367.5,187.5,26.5,86.25,138,90.25,184.5
367,187.5,26.5,85.5,138.5,90.25,184
363.5,187,26.6,85,138.5,91,184
366.5,192,26.7,85,140.5,91.75,186.5
369,190.5,26.8,83.75,141.5,92.75,187
368.5,193,26.7,82.5,140.5,92.25,186
365,191.5,26.9,82.75,139,92,185.5
366.5,192.5,26.8,83.5,141,92.5,184
367.5,192.5,27.2,83.25,141.5,92,184
364.5,193.5,27.3,82.75,141.5,91.75,186
362,193.5,26.8,82.5,140.5,91.75,183
369.5,193,26.8,81.75,140.5,92.75,183
367.5,192,26.7,81.5,140,92.25,183
373,192,26.7,81.75,140.5,93.25,183.5
369.5,190.5,26.8,81.25,139,93.25,184
373.5,189,26.6,80.75,139.5,93.25,181
374,188,26.4,79.75,138,92.5,180
378.5,192.5,27,80,139,93.25,184.5
379.5,191,27.2,82.25,139,94,185.5
378,191,26.8,81.5,140.5,92.75,184
374,195.5,27.8,81.75,140.5,91.25,186.5
374,195.5,27.9,80.75,142.5,90.25,188
377.5,197.5,27.8,81,146,91.5,189.5
383,197,27.7,81.5,143,91.5,189
380.5,199,27.4,81.5,144,90.5,191
385.5,199.5,27.3,81.5,145.5,91.5,188
384.5,200,27.1,81.5,145.5,92,187
382.5,199.5,27,81.5,144.5,94,186
385,202,27.5,83.25,146.5,93.25,187.5
392,205,27.3,81.5,147.5,92.5,188.5
389.5,204,27.1,81.75,146,92.75,191
384.5,205,27.4,82.75,145.5,92.5,191.5
385.5,205,27.3,83,147,92,192
388,205.5,27.4,83.25,148.5,91.5,195.5
389.5,208,27.5,84,149,92.5,198.5
387,208,27.3,85,146.5,92.5,197.5
390.5,208.5,27.4,86.5,147,94.5,197.5
388.5,206.5,27.3,86.5,144.5,93.5,196.5
390,209,27.5,85.75,146.5,93.75,197
390,209.5,27.7,86.5,145,94.25,196.5
394.5,208.5,27.8,87,147.5,96.5,196
394,209,27.6,85.75,148.5,95.75,196
392,209,28.5,83,150.5,95.5,195
389,206.5,28.4,82.25,149,94.5,191.5
388,205,28.4,82,146.5,94.75,193
389.5,207.5,27.6,82.75,145.5,94.5,192
384,204.5,27.2,82.5,144.5,97,192
386,206,27.3,84.25,145,98,192.5
381.5,202,26.9,84.75,143.5,96.25,191
364,200.5,26.4,84.75,142,95.5,186.5
363,197.5,26.6,85.75,143.5,96.25,185
361.5,193.5,26.1,84.5,140,95,184.5
356.5,196.5,26.2,85.75,138.5,95,185.5
352.5,196,25.8,85,138,94.75,184
361,198.5,26.1,85.5,140.5,96.5,183.5
362,199.5,26.6,90.75,138,95,183
368.5,204.5,26.9,88.5,138.5,94.25,186
366,205,27.2,89.5,138,95,186
369.5,203,27.4,89,139,95.75,188
372,210,27.7,88.75,141,96.25,191
360.5,211,27.6,90,141,96,187.5
361,210,27.4,91.25,140,97.5,188.5
363,210,27.4,90.5,139.5,98.5,190
365,209,26.9,86.5,137.5,97.25,190
358.5,205.5,26.6,83,139,97.5,194
361,209,26.7,82.25,140.5,99.5,197
359.5,207.5,26.5,83,139.5,100.5,196.5
358.5,209,26.8,84.5,140,99.5,195.5
357.5,217,27.1,84.25,143.5,99,196
356.5,215,27.4,84,146,103,193
356.5,218,27.8,84.25,149,103,191.5
353.5,217,27.3,83.75,148,104.5,193
352.5,218,27.3,83,147.5,106.5,192.5
359.5,219.5,27.4,81.5,148,104.5,203
364,219.5,27.5,81.25,148.5,107,206.5
364,217.5,27.3,79.75,149.5,107,207.5
365.5,217.5,27.4,82,149.5,107.5,212
371,220,27.6,83.75,149.5,107.5,211
366,219,27,81.5,148.5,106,206.5
368.5,220,27.3,83,149,105.5,210
363.5,221.5,27.3,79,150.5,106.5,208.5
363.5,222,27.4,81.25,149,106.5,210
366,222.5,27.5,82.5,150,109,211
365,221.5,27.5,82.5,152.5,108,205
374,217.5,27.2,82.75,155,106.5,203.5
387.5,219.5,27.3,82.75,157.5,108.5,203.5
390.5,219.5,26.9,81.5,157.5,107.5,205
400.5,220.5,27,82.5,159,106,208.5
397.5,220,27.2,82.5,159.5,106,206.5
392,217.5,27.6,84,158.5,108,210
392,217,28.2,83.5,158.5,107.5,207.5
391.5,216.5,28.5,84.75,157.5,107.5,208
387.5,218,29.6,85.25,159,108.5,208
391,216,29.9,85.5,160,108,210
396,219.5,30.3,88.5,158.5,109,211
396,221,30.4,89.25,159,109.5,211
403.5,222,30.5,89.75,158.5,108,212
395,221.5,29.8,90.25,159,106,212
395,218.5,29.7,93,157.5,107,213
397.5,220,29.8,92.75,157,108.5,216.5
395.5,224,30.5,92.25,165,108,218
392,223.5,29.6,93.5,161,106.5,216
393,226,29.8,109.5,161.5,107.5,218
389,223,29.2,110,158.5,108.5,221.5
391.5,223,29.3,112,159.5,109.5,221.5
390,220.5,29.1,112.5,159.5,109.5,221
395,224,29.1,112.5,159.5,107.5,220
394.5,224.5,29.3,113,158.5,107,221
391,223.5,28.5,113,164,106.5,220.5
394.5,224.5,29.3,112,162.5,107.5,220.5
396.5,224.5,29.5,110.5,162.5,107,221
394,223,29.3,111,161.5,108,222
396.5,225,28.8,111,162.5,113,229
402,229.5,28.7,112,170.5,111.5,230.5
408,230,26.6,112,174,109.5,232
402.5,223.5,26.3,111.5,171,110.5,224
403,218.5,26.7,111,170.5,114,222
400,219.5,26.9,110.5,172,113.5,217.5
410.5,222.5,26.4,111,171,113,210.5
407,220.5,26.2,110.5,168,110.5,212
409,220.5,26.1,110,169,112.5,212.5
404.5,221,25.9,109,167.5,114,210.5
401,222,25.9,109,168,114,214
398.5,227,26.4,109,167.5,112,214
399,227.5,26.2,108,168.5,111.5,213
402,227.5,26.1,108.5,168.5,110.5,212
400,223,24.8,104.5,166.5,113.5,213
398,220.5,25.4,107.5,161,115,214
392.5,216,24.5,107,156.5,114.5,209.5
393,211,24.1,110,159,117,207.5
400.5,212.5,24.7,110,160.5,116,205.5
392.5,197.5,23.4,110,156,113,196
388.5,198,23.2,109.5,153,110,196.5
387,199,22.8,110,154,109.5,197.5
376.5,193,22.4,110,149.5,105.5,189.5
386,197.5,23.3,111.5,156.5,106.5,199
379,191,22.8,112,153.5,107,190
386,199,23.7,113.5,159.5,113,197
386,200,24.1,113.5,159,113,200
376.5,194.5,23.1,110.5,154,112.5,195.5
382,200.5,23.1,113,154.5,114,196
385.5,200.5,23.2,113,158.5,115,197.5
